1101110034034
1375110034034
1101268034034
1375268034034
1101372034034
1375372034034
2012040034034 
2265040034034
2012372034034
3211040034034
3463040034034 - Up Right Side
4046040053034#Horizontal Components
4046110055034#Left Hand Side
4046161055034
4046372055034
4046530162034 ---
4000268099034   - Left Middle
4135040074034
4301530162034 ---
4300040074034
4412040050034
4412110050034
4409161054034
4409372054034
4410268100034   - Right Middle
4191110019034
4245110020034
4299110019034
4352110023034
4190161020034
4299161019034
4135268021034
4353268022034
4190320129034
4135372021034
4353372022034
4190372020034
4300372019034
4135424021034
4190424020034
4244424022034
4300424018034
4352424023034
4243530023034
4136110019034
5376075034033#Vertical Components
5101075034033
5463075034033
5463146034013
5101195034073
5101146034013
5012075034033
5211075034033 
5265075034033 
5012146034013
5156146034013
5318146034013
5375146034013
5210195034020 
5265195034020 
5375195034020
5156249034019
5319249034019
5101302034070
5375302034070 --
5156302034018
5319302034018
5156354034018
5319354034018
5012406034018
5101406034018
5210406034018
5266406034018
5375406034018
5463406034018
0463110034034
0101161034034
9463161034034
6101040034034
6375040034034
a012110034034-- 1 Node   2 DownRight   3 DownLeft   4 horizontal   5 Vertical   6 DownHori   7 UpHori   8 UpRight   9 UpLeft   0 LeftVert   a RightVert
8012161034034
7211110034034
7265110034034
6156110034034        
6318110034034
8156161034034
9318161034034
a375161034034
3210161034034
2265161034034
7210215034034
7265215034034
5375215034053
2156215034034
3319215034034
4190215020034
4299215020034
4244215021034
0156268034034
a319268034034
a156320034034
0319320034034
7156372034034 
7319372034034 
3463372034034
3210372034034 
2266372034034 
a101424034034 
0375424034034 
8012424034034 
3047424034034 
7210424034034 
7266424034034 
6156424034034 
6318424034034 
9463424034034
2428424034034
5047458034018
5101458034018
5156458034018
5318458034018
5375458034018
5428458034018
5012511034019
5209511034019
5266511034019
5463511034019
7047477034034 --
9101477034034 --
8156477034034 --
9318477034034 --
8375477034034
7428477034034
2012477034034
8012530034034
3463477034034 --
9463530034034
7209530034034
7266530034034
3209477034034 --
2266477034034
4081477020034
4190477019034
4300477018034
4409477019034